$ANSIBLE_VAULT;1.1;AES256
35633136343231363631346462303366393334363830303537356466393265363030396434626161
6236623137363033656262376232306134363135383934660a343163346233333865346530663331
33366265636161373333313064623166636363653865303532353239353430376633366537663165
6563326333356336650a633230373337643962386136613666356137636265623239623739313363
37346539326432323133336262633264643938353861633835616536333531343035376563306138
37623036373335333962396435666562343333643038316635366134383963363636333231636463
65616265383536613434313763616166313436313335636665633636386432636438333161646332
35666535393037373832373636356366313066333939396263323565396264313462346362353335
34363737303964306437636234376663633833353761626661346137326632656561323163313364
61383834336634376139346235393361303262643531396133336361623335303335626337343936
61653736636165333735343962383036373338346134663038653337636334313136393634306465
35333137653038636332323964306536336437393162646366343430633031626238633864656561
66663062326133323631383336646262376631656136353736393234316362633562323136346566
31336462653761323439396634373039396538373465666334343166353836396232316537336664
36333034386139373330353864326133326563393637333030363131373635366138653135663339
35663333363564326661313362306430313063663466373536356537353466393535666566333165
39663937636366316431363630623437303432653930663031333665383834303561323530653038
36343930313264353435306538363037633131396238356264386265653964336165363539306130
34383738313164356234353662616430666566663332373034653262663361316432363332646537
62626339376364633231663061633034336433316630343331323062323137313832353633353937
30376437313630646433353636383832366261333733313336346462323834633430326432306239
30326633383835386666346265663631346633363038386266383631336563626364383131663134
33613965633861633435303063396263343437633861643063663233326339383065613730663434
39646334383761353730653738376335326635366237373530396666396663636437643736373237
30643735363238633965616635383030623237306238353162333664393863383231623238616537
6237666333356530333535323034393266313635353564656139
