$ANSIBLE_VAULT;1.1;AES256
35616461333936316163343964386235343630313764353137323165333263373162346463633336
3134333834333239353136333538323236636434353639660a313363643663623039303032353933
31373136393730333031316432393133353037333264316339393635333966663064663639636236
6435333435333663380a656163653636396434376531326161616365343662343039376264316336
65343864376132393436313263333434383661366336303031663564663662393935363832656431
65393932383932353063663437383630343832326237383739366363333661663630393930336339
63306638393637373766313532353337613566363864383130363238616137363766373835363661
39623232343461366138336466656466656361653664663232343039616533626534333532343166
35393261646261663434646434666262373534666166336631666239383536373566353430346663
34326139633338643138356363336235356565333033663136363565323138303162353135633235
64383062663438643461653263393731376233613761623366623731643436623538633734623464
65633431376530323566336238306232356266626566363263353266653965623862383362323166
39623232366234376236616531306339343364613031633735633461636137343164326466366639
35663630383065346532643861363538353933656335633066633137643238643266396531626262
64376430323462343639393831613437623032313361633132303263376133653130333938333335
62616565396263313436333834303161343163306261376231356333656234346230373766653839
36353837616332663230353533366166313566613937373133386439663834313966643435333436
38306661633764383961373962316336643737343762393832303564333031623335313262313233
65323066393066306564656464656466656239646438366261633566393532383937356138613339
62656530353934303438376466656634643336333864343737343438613334383564623633376261
32633761653830313735363032633836616261653239343561383830613039623032393039353933
36343232663530356661346435376164653936633930373733323461636434633063623634326665
31626365363231366463643930323737666331393630343637386137373636376436373632326435
38646264386663393663626635653161393239626364373563623133306264626532356661663538
36393032643165386464633265343538366436363066343132663164303061653263373361633161
3838623238373736363435323036396337373933373834363866
